
Round: 0
00000000
00000000
00000000
00000000
00000000
00000000
00000000
00000000

Valid moves for 1:
3, 3
3, 4
4, 3
4, 4

Player 1: 4, 3

After move by Player 1
00000000
00000000
00000000
00010000
00000000
00000000
00000000
00000000


Round: 1
00000000
00000000
00000000
00010000
00000000
00000000
00000000
00000000

Valid moves for 2:
3, 3
3, 4
4, 4

Player 2: 4, 4

After move by Player 2
00000000
00000000
00000000
00012000
00000000
00000000
00000000
00000000


Round: 2
00000000
00000000
00000000
00012000
00000000
00000000
00000000
00000000

Valid moves for 1:
3, 3
3, 4

Player 1: 3, 4

After move by Player 1
00000000
00000000
00000000
00012000
00001000
00000000
00000000
00000000


Round: 3
00000000
00000000
00000000
00012000
00001000
00000000
00000000
00000000

Valid moves for 2:
3, 3

Player 2: 3, 3

After move by Player 2
00000000
00000000
00000000
00012000
00021000
00000000
00000000
00000000


Round: 4
00000000
00000000
00000000
00012000
00021000
00000000
00000000
00000000

Valid moves for 1:
2, 3
3, 2
4, 5
5, 4

Player 1: 5, 4

After move by Player 1
00000000
00000000
00001000
00011000
00021000
00000000
00000000
00000000


Round: 5
00000000
00000000
00001000
00011000
00021000
00000000
00000000
00000000

Valid moves for 2:
3, 5
5, 3
5, 5

Player 2: 3, 5

After move by Player 2
00000000
00000000
00001000
00011000
00022200
00000000
00000000
00000000


Round: 6
00000000
00000000
00001000
00011000
00022200
00000000
00000000
00000000

Valid moves for 1:
2, 2
2, 3
2, 4
2, 5
2, 6

Player 1: 2, 3

After move by Player 1
00000000
00000000
00001000
00011000
00012200
00010000
00000000
00000000


Round: 7
00000000
00000000
00001000
00011000
00012200
00010000
00000000
00000000

Valid moves for 2:
1, 2
3, 2
5, 2
5, 3
6, 4

Player 2: 5, 2

After move by Player 2
00000000
00000000
00201000
00021000
00012200
00010000
00000000
00000000


Round: 8
00000000
00000000
00201000
00021000
00012200
00010000
00000000
00000000

Valid moves for 1:
2, 4
2, 6
3, 2
3, 6
4, 2
4, 5
5, 3

Player 1: 3, 6

After move by Player 1
00000000
00000000
00201000
00021000
00011110
00010000
00000000
00000000


Round: 9
00000000
00000000
00201000
00021000
00011110
00010000
00000000
00000000

Valid moves for 2:
1, 3
2, 5
4, 5
6, 5

Player 2: 2, 5

After move by Player 2
00000000
00000000
00201000
00021000
00012110
00010200
00000000
00000000


Round: 10
00000000
00000000
00201000
00021000
00012110
00010200
00000000
00000000

Valid moves for 1:
1, 4
1, 5
2, 4
3, 2
4, 2
4, 5
5, 3

Player 1: 5, 3

After move by Player 1
00000000
00000000
00211000
00011000
00012110
00010200
00000000
00000000


Round: 11
00000000
00000000
00211000
00011000
00012110
00010200
00000000
00000000

Valid moves for 2:
1, 2
3, 2
3, 7
4, 5
4, 7
5, 5
6, 4

Player 2: 3, 7

After move by Player 2
00000000
00000000
00211000
00011000
00012222
00010200
00000000
00000000


Round: 12
00000000
00000000
00211000
00011000
00012222
00010200
00000000
00000000

Valid moves for 1:
1, 6
2, 4
2, 6
4, 5
5, 1
6, 1

Player 1: 6, 1

After move by Player 1
00000000
01000000
00111000
00011000
00012222
00010200
00000000
00000000


Round: 13
00000000
01000000
00111000
00011000
00012222
00010200
00000000
00000000

Valid moves for 2:
1, 2
3, 2
6, 2
6, 4
7, 0

Player 2: 7, 0

After move by Player 2
20000000
02000000
00211000
00021000
00012222
00010200
00000000
00000000


Round: 14
20000000
02000000
00211000
00021000
00012222
00010200
00000000
00000000

Valid moves for 1:
2, 4
2, 6
3, 2
4, 2
4, 5
5, 1

Player 1: 5, 1

After move by Player 1
20000000
02000000
01111000
00021000
00012222
00010200
00000000
00000000


Round: 15
20000000
02000000
01111000
00021000
00012222
00010200
00000000
00000000

Valid moves for 2:
1, 2
1, 3
3, 2
4, 1
4, 5
6, 2
6, 3
6, 4
6, 5

Player 2: 1, 2

After move by Player 2
20000000
02000000
01111000
00021000
00012222
00020200
00200000
00000000


Round: 16
20000000
02000000
01111000
00021000
00012222
00020200
00200000
00000000

Valid moves for 1:
1, 3
1, 6
2, 4
2, 6
3, 2
4, 2
7, 1

Player 1: 7, 1

After move by Player 1
21000000
01000000
01111000
00021000
00012222
00020200
00200000
00000000


Round: 17
21000000
01000000
01111000
00021000
00012222
00020200
00200000
00000000

Valid moves for 2:
3, 2
4, 5
6, 2
6, 3
6, 4
6, 5
7, 2

Player 2: 7, 2

After move by Player 2
22200000
01000000
01111000
00021000
00012222
00020200
00200000
00000000


Round: 18
22200000
01000000
01111000
00021000
00012222
00020200
00200000
00000000

Valid moves for 1:
1, 3
1, 6
2, 4
2, 6
3, 2
4, 2

Player 1: 4, 2

After move by Player 1
22200000
01000000
01111000
00111000
00012222
00020200
00200000
00000000


Round: 19
22200000
01000000
01111000
00111000
00012222
00020200
00200000
00000000

Valid moves for 2:
3, 2
4, 1
5, 0
6, 2
6, 3
6, 4

Player 2: 5, 0

After move by Player 2
22200000
02000000
21111000
00111000
00012222
00020200
00200000
00000000


Round: 20
22200000
02000000
21111000
00111000
00012222
00020200
00200000
00000000

Valid moves for 1:
1, 3
1, 6
2, 4
2, 6

Player 1: 2, 6

After move by Player 1
22200000
02000000
21111000
00111000
00012122
00020210
00200000
00000000


Round: 21
22200000
02000000
21111000
00111000
00012122
00020210
00200000
00000000

Valid moves for 2:
1, 5
1, 6
2, 7
3, 2
4, 1
4, 5
5, 5
6, 3
6, 4

Player 2: 2, 7

After move by Player 2
22200000
02000000
21111000
00111000
00012122
00020222
00200000
00000000


Round: 22
22200000
02000000
21111000
00111000
00012122
00020222
00200000
00000000

Valid moves for 1:
1, 3
1, 5
1, 6
1, 7
2, 4

Player 1: 1, 7

After move by Player 1
22200000
02000000
21111000
00111000
00012122
00020212
00200001
00000000


Round: 23
22200000
02000000
21111000
00111000
00012122
00020212
00200001
00000000

Valid moves for 2:
0, 7
1, 5
1, 6
3, 2
4, 1
4, 5
5, 5
6, 3
6, 4

Player 2: 0, 7

After move by Player 2
22200000
02000000
21111000
00111000
00012122
00020212
00200002
00000002


Round: 24
22200000
02000000
21111000
00111000
00012122
00020212
00200002
00000002

Valid moves for 1:
1, 3
1, 5
1, 6
2, 4
4, 6

Player 1: 2, 4

After move by Player 1
22200000
02000000
21111000
00111000
00011122
00021112
00200002
00000002


Round: 25
22200000
02000000
21111000
00111000
00011122
00021112
00200002
00000002

Valid moves for 2:
1, 4
1, 5
1, 6
3, 2
4, 1
4, 5
5, 5
6, 2
6, 3

Player 2: 1, 6

After move by Player 2
22200000
02000000
21211000
00121000
00012122
00021222
00200022
00000002


Round: 26
22200000
02000000
21211000
00121000
00012122
00021222
00200022
00000002

Valid moves for 1:
1, 3
1, 5
2, 2
3, 2
6, 2

Player 1: 1, 5

After move by Player 1
22200000
02000000
21211000
00121000
00012122
00021122
00200122
00000002


Round: 27
22200000
02000000
21211000
00121000
00012122
00021122
00200122
00000002

Valid moves for 2:
0, 4
1, 4
3, 2
4, 1
4, 5
5, 5
6, 2
6, 3
6, 4
6, 5

Player 2: 0, 4

After move by Player 2
22200000
02000000
21211000
00121000
00012122
00021122
00200222
00002002


Round: 28
22200000
02000000
21211000
00121000
00012122
00021122
00200222
00002002

Valid moves for 1:
0, 5
0, 6
1, 3
2, 2
3, 2
4, 7
6, 2

Player 1: 0, 5

After move by Player 1
22200000
02000000
21211000
00121000
00012122
00021122
00200122
00002102


Round: 29
22200000
02000000
21211000
00121000
00012122
00021122
00200122
00002102

Valid moves for 2:
0, 6
1, 4
3, 2
4, 1
4, 5
5, 5
6, 2
6, 3
6, 4
6, 5

Player 2: 0, 6

After move by Player 2
22200000
02000000
21211000
00121000
00012122
00021122
00200122
00002222


Round: 30
22200000
02000000
21211000
00121000
00012122
00021122
00200122
00002222

Valid moves for 1:
1, 3
2, 2
3, 2
4, 7
6, 2

Player 1: 6, 2

After move by Player 1
22200000
02100000
21111000
00121000
00012122
00021122
00200122
00002222


Round: 31
22200000
02100000
21111000
00121000
00012122
00021122
00200122
00002222

Valid moves for 2:
1, 4
3, 2
4, 1
4, 5
5, 5
6, 0
6, 3
6, 4
6, 5

Player 2: 6, 0

After move by Player 2
22200000
22100000
22111000
00221000
00022122
00022122
00200222
00002222


Round: 32
22200000
22100000
22111000
00221000
00022122
00022122
00200222
00002222

Valid moves for 1:
1, 3
1, 4
2, 2
3, 1
3, 2
4, 0
4, 1
4, 7

Player 1: 4, 1

After move by Player 1
22200000
22100000
22111000
01111000
00022122
00022122
00200222
00002222


Round: 33
22200000
22100000
22111000
01111000
00022122
00022122
00200222
00002222

Valid moves for 2:
1, 4
3, 1
3, 2
4, 5
4, 6
5, 5
6, 3
6, 4
7, 3

Player 2: 5, 5

After move by Player 2
22200000
22100000
22222200
01112000
00022122
00022122
00200222
00002222


Round: 34
22200000
22100000
22222200
01112000
00022122
00022122
00200222
00002222

Valid moves for 1:
1, 3
2, 2
3, 2
4, 0
4, 5
4, 7
6, 3
6, 4
6, 5

Player 1: 4, 0

After move by Player 1
22200000
22100000
21222200
11112000
00022122
00022122
00200222
00002222


Round: 35
22200000
22100000
21222200
11112000
00022122
00022122
00200222
00002222

Valid moves for 2:
1, 4
3, 0
3, 1
3, 2
4, 5
4, 6
6, 3

Player 2: 3, 0

After move by Player 2
22200000
22100000
21222200
22112000
20022122
00022122
00200222
00002222


Round: 36
22200000
22100000
21222200
22112000
20022122
00022122
00200222
00002222

Valid moves for 1:
1, 3
2, 2
3, 1
3, 2
4, 5
4, 7
5, 6
6, 3
6, 4
6, 5

Player 1: 3, 1

After move by Player 1
22200000
22100000
21222200
21112000
21022122
00022122
00200222
00002222


Round: 37
22200000
22100000
21222200
21112000
21022122
00022122
00200222
00002222

Valid moves for 2:
1, 4
2, 0
2, 1
2, 2
3, 2
4, 5
4, 6
6, 3
7, 3

Player 2: 7, 3

After move by Player 2
22220000
22200000
22222200
21112000
21022122
00022122
00200222
00002222


Round: 38
22220000
22200000
22222200
21112000
21022122
00022122
00200222
00002222

Valid moves for 1:
1, 3
2, 2
3, 2
4, 5
4, 7
6, 3
6, 4
6, 5

Player 1: 6, 5

After move by Player 1
22220000
22200100
22221200
21112000
21022122
00022122
00200222
00002222


Round: 39
22220000
22200100
22221200
21112000
21022122
00022122
00200222
00002222

Valid moves for 2:
1, 4
2, 0
2, 1
2, 2
3, 2
4, 5
4, 6
6, 4
7, 5

Player 2: 2, 0

After move by Player 2
22220000
22200100
22221200
21212000
22022122
20022122
00200222
00002222


Round: 40
22220000
22200100
22221200
21212000
22022122
20022122
00200222
00002222

Valid moves for 1:
1, 3
1, 4
2, 1
2, 2
3, 2
4, 5
4, 7
5, 6
6, 3

Player 1: 1, 4

After move by Player 1
22220000
22200100
22221200
21211000
22021122
20021122
00201222
00002222


Round: 41
22220000
22200100
22221200
21211000
22021122
20021122
00201222
00002222

Valid moves for 2:
0, 3
1, 3
3, 2
4, 5
6, 4
7, 5

Player 2: 4, 5

After move by Player 2
22220000
22200100
22221200
21222200
22022222
20021222
00201222
00002222


Round: 42
22220000
22200100
22221200
21222200
22022222
20021222
00201222
00002222

Valid moves for 1:
2, 1
2, 2
3, 2
4, 6
4, 7
5, 6
6, 3

Player 1: 3, 2

After move by Player 1
22220000
22200100
22221200
21212200
22122222
20011222
00201222
00002222


Round: 43
22220000
22200100
22221200
21212200
22122222
20011222
00201222
00002222

Valid moves for 2:
0, 3
1, 3
2, 2
6, 3
6, 4
7, 5

Player 2: 7, 5

After move by Player 2
22220200
22200200
22221200
21212200
22122222
20011222
00201222
00002222


Round: 44
22220200
22200200
22221200
21212200
22122222
20011222
00201222
00002222

Valid moves for 1:
0, 1
2, 1
4, 6
4, 7
5, 6
6, 3
7, 6

Player 1: 4, 6

After move by Player 1
22220200
22200200
22221200
21211110
22122122
20011222
00201222
00002222


Round: 45
22220200
22200200
22221200
21211110
22122122
20011222
00201222
00002222

Valid moves for 2:
0, 3
1, 3
2, 1
2, 2
4, 7
5, 6
6, 3
6, 4

Player 2: 4, 7

After move by Player 2
22220200
22200200
22221200
21222222
22122122
20011222
00201222
00002222


Round: 46
22220200
22200200
22221200
21222222
22122122
20011222
00201222
00002222

Valid moves for 1:
0, 1
2, 1
5, 6
5, 7
6, 3
7, 6

Player 1: 5, 7

After move by Player 1
22220200
22200200
22221201
21222212
22122122
20011222
00201222
00002222


Round: 47
22220200
22200200
22221201
21222212
22122122
20011222
00201222
00002222

Valid moves for 2:
0, 3
1, 3
2, 1
2, 2
5, 6
6, 3
6, 4
6, 7

Player 2: 6, 7

After move by Player 2
22220200
22200202
22221202
21222212
22122122
20011222
00201222
00002222


Round: 48
22220200
22200202
22221202
21222212
22122122
20011222
00201222
00002222

Valid moves for 1:
0, 1
2, 1
5, 6
6, 3
6, 4
7, 6

Player 1: 5, 6

After move by Player 1
22220200
22200202
22221112
21222112
22121122
20011222
00201222
00002222


Round: 49
22220200
22200202
22221112
21222112
22121122
20011222
00201222
00002222

Valid moves for 2:
0, 3
1, 3
2, 1
2, 2
6, 3
6, 4
6, 6

Player 2: 6, 6

After move by Player 2
22220200
22200222
22221222
21222122
22121122
20011222
00201222
00002222


Round: 50
22220200
22200222
22221222
21222122
22121122
20011222
00201222
00002222

Valid moves for 1:
0, 1
2, 1
6, 3
7, 6

Player 1: 6, 3

After move by Player 1
22220200
22210222
22111222
21212122
22111122
20011222
00201222
00002222


Round: 51
22220200
22210222
22111222
21212122
22111122
20011222
00201222
00002222

Valid moves for 2:
0, 3
1, 3
2, 1
2, 2
6, 4
7, 4

Player 2: 2, 2

After move by Player 2
22220200
22210222
22111222
21212122
22221122
20222222
00201222
00002222


Round: 52
22220200
22210222
22111222
21212122
22221122
20222222
00201222
00002222

Valid moves for 1:
0, 1
0, 2
1, 3
2, 1
7, 6

Player 1: 1, 3

After move by Player 1
22220200
22210222
22111222
21212122
22211122
20211222
00211222
00002222


Round: 53
22220200
22210222
22111222
21212122
22211122
20211222
00211222
00002222

Valid moves for 2:
0, 2
0, 3
6, 4
7, 4

Player 2: 0, 3

After move by Player 2
22220200
22220222
22121222
21222122
22221122
20221222
00222222
00022222


Round: 54
22220200
22220222
22121222
21222122
22221122
20221222
00222222
00022222

Valid moves for 1:
0, 1
0, 2
2, 1
7, 4
7, 6

Player 1: 0, 1

After move by Player 1
22220200
22220222
22121222
21222122
22221122
20211222
00122222
01022222


Round: 55
22220200
22220222
22121222
21222122
22221122
20211222
00122222
01022222

Valid moves for 2:
0, 2
1, 1
2, 1
6, 4

Player 2: 0, 2

After move by Player 2
22220200
22220222
22121222
21222122
22221122
20211222
00222222
01222222


Round: 56
22220200
22220222
22121222
21222122
22221122
20211222
00222222
01222222

Valid moves for 1:
2, 1
7, 4
7, 6

Player 1: 2, 1

After move by Player 1
22220200
22220222
22121222
21212122
21121122
21111222
00222222
01222222


Round: 57
22220200
22220222
22121222
21212122
21121122
21111222
00222222
01222222

Valid moves for 2:
0, 0
1, 0
1, 1
6, 4

Player 2: 1, 1

After move by Player 2
22220200
22220222
22121222
22212122
22121122
22211222
02222222
01222222


Round: 58
22220200
22220222
22121222
22212122
22121122
22211222
02222222
01222222

Valid moves for 1:
1, 0
7, 4
7, 6

Player 1: 1, 0

After move by Player 1
22220200
22220222
22121222
22212122
22121122
21211222
12222222
01222222


Round: 59
22220200
22220222
22121222
22212122
22121122
21211222
12222222
01222222

Valid moves for 2:
0, 0
6, 4

Player 2: 0, 0

After move by Player 2
22220200
22220222
22121222
22212122
22121122
21211222
22222222
22222222


Round: 60
22220200
22220222
22121222
22212122
22121122
21211222
22222222
22222222

Valid moves for 1:
7, 4
7, 6

Player 1: 7, 6

After move by Player 1
22220210
22220122
22121222
22212122
22121122
21211222
22222222
22222222


Round: 61
22220210
22220122
22121222
22212122
22121122
21211222
22222222
22222222

Valid moves for 2:
6, 4
7, 4
7, 7

Player 2: 6, 4

After move by Player 2
22220210
22222222
22122222
22212122
22121122
21211222
22222222
22222222


Round: 62
22220210
22222222
22122222
22212122
22121122
21211222
22222222
22222222

Valid moves for 1:
7, 4

Player 1: 7, 4

After move by Player 1
22221110
22211222
22121222
22211122
22121122
21211222
22222222
22222222


Round: 63
22221110
22211222
22121222
22211122
22121122
21211222
22222222
22222222

Valid moves for 2:
7, 7

Player 2: 7, 7

After move by Player 2
22222222
22211222
22121222
22211122
22121122
21211222
22222222
22222222


Round: 64
22222222
22211222
22121222
22211122
22121122
21211222
22222222
22222222

Valid moves for 1:

Player 1 can't move

Round: 64
22222222
22211222
22121222
22211122
22121122
21211222
22222222
22222222

Valid moves for 2:

Player 2 can't move

Black: 13
White: 51

